3
3
pi:1009,1
pi:1007,1
pi:1006,1
bw
id:1
st:0
bi:0,0,1009,1,True,0,0,0,0,0,0,False
es:preloading
ei:29,221
mi:0,46.54645,0.04999994,55.30502,0
ew
bw
id:13
st:0
bi:0,0,1007,1,True,0,0,0,0,0,0,False
es:preloading
ei:248,221
mi:0,46.2113,0.05,55.2684,0
ew
bw
id:14
st:0
bi:0,0,1006,1,True,0,0,0,0,0,0,False
es:preloading
ei:473,218
mi:0,49.28046,0.05,53.31733,0
ew
