4
4
pi:1301,1
pi:0,0
pi:1220,1
pi:1223,1
bw
id:1000
st:0
bi:1,0,0,0,True,0,0,0,0, 0,0,False
si:showui
ei:1200,90
ew
bw
id:0
st:0
bi:1,0,1301,1,True,0,0,0,0, 21,0,False
es:preloading
ei:33,219
mi:0,57,0.1,122,270
ew
bw
id:1
st:0
bi:0,0,1220,1,True,0,0,0,0,0,0,False
es:preloading
ei:259,219
mi:0,52.27148,0.05,121.9597,0
ew
bw
id:2
st:0
bi:0,0,1223,1,True,0,0,0,0,0,0,False
es:preloading
ei:480,219
mi:0,53.79103,0.05,121.9467,0
ew
