2
2
pi:17520,1
pi:17508,1
bw
id:1
st:0
bi:0,0,17520,1,True,0,0,0,0,0,0,False
es:preloading
ei:20,376
mi:0,72.55127,6.056226,74.88283,0
ew
bw
id:3
st:0
bi:0,0,17508,1,True,0,0,0,0,0,0,False
ei:461,18
mi:0,74.19,6.06,82.62,180
ew
