2
1
pi:0,1
bw
id:1000
st:0
bi:5,0,0,0,True,0,0,0,0,0,0,False
si:enemynotice
pw:1|0
ei:459,304
ew
bw
id:1
st:2
bi:9,0,0,1,True,0,0,0,5001,0,0,False
ei:435,81
mi:0,104.9665,8.050672,95.84747,0
ew
