1
1
pi:44041,1
bw
id:1
st:0
bi:1,0,44041,1,True,0,0,0,0,0,0,False
ei:98,24
mi:0,24.57625,0,71.57239,180
ew
