3
3
pi:24201,1
pi:64401,1
pi:64402,4
bw
id:1000
st:0
bi:0.5,0,0,0,True,0,0,0,0,0,0,False
si:cutscene
ei:434,129
ew
bw
id:0
st:0
bi:0,0,64401,1,True,0,0,0,0,0,0,False
ei:143,95
mi:0,124.307,20.84976,107.8786,180
ew
bw
id:1
st:0
bi:0,0,64402,4,True,0,0,0,0,0,0,False
ei:149,265
mi:0,119.2786,20.84976,106.7455,180
mi:1,120.8276,20.84976,104.4773,180
mi:2,126.3136,20.84976,103.868,180
mi:3,128.6329,20.84976,106.764,180
ew
